44,6
44,5
44,4
44,3
44,2
44,1
44,0
43,3
43,2
0,463
43,1
43,0
0,462
0,461
0,460
42,4
42,3
42,2
42,1
42,0
0,459
41,4
41,3
41,2
41,1
41,0
0,458
0,457
0,456
40,3
40,2
40,1
40,0
0,455
0,454
0,453
0,452
0,451
0,450
0,449
0,448
0,447
0,446
0,445
0,444
0,443
0,442
0,441
39,3
39,2
0,440
39,1
39,0
0,439
0,438
0,437
0,436
0,435
0,434
0,433
0,432
0,431
0,430
0,429
0,428
38,6
38,5
38,4
38,3
38,2
0,427
38,1
38,0
0,426
0,425
37,6
37,5
37,4
37,3
37,2
0,424
37,1
37,0
0,423
0,422
36,4
36,3
36,2
0,421
36,1
36,0
0,420
0,419
0,418
0,417
0,416
35,3
35,2
0,415
35,1
35,0
0,414
0,413
34,3
34,2
0,412
34,1
34,0
0,411
0,410
33,3
33,2
0,409
33,1
33,0
0,408
0,407
32,3
32,2
0,406
32,1
32,0
0,405
0,404
0,403
0,402
0,401
0,400
0,399
31,3
31,2
31,1
31,0
30,3
30,2
30,1
30,0
0,398
0,397
0,396
0,395
29,3
29,2
29,1
29,0
0,394
0,393
0,392
0,391
0,390
28,3
28,2
28,1
28,0
0,278
0,389
0,388
0,387
0,386
0,385
0,384
0,319
0,318
0,317
0,316
27,3
27,2
27,1
